23542  ! run has dst, but no rec-files?!
24374  ! suspiciuos run - drc-file very old!

23988 ! bad Trigger runs (KM 281)
24603 
24604
24605
24606
24607
24608
24609
24610
24611
24612
24613
24614
24615
24616
24617
24618
24619
24620
24621
24622
24623
24624
24625
24626
24627
24628
24629
24630
24631
24632
24633
24634
24635
24636
24637
24638
24639
24640
24641
24642
24643
24644
24645
24646
24647
24648
24649
24650
24651
24652
24653
24654
24655
24656
24657
24658
24659
26080
26649

26944 ! 2002 energy scan
26945
26946
26947
26948
26949
26950
26951
26952
26953
26954
26955
26956
26957
26958
26959
26960
26961
26962
26963
26964
26965
26966
26967
26968
26969
26970
26971
26972
26973
26974
26975
27038
27039
27040
27041
27042
27043
27044
27045
27046
27047
27048
27049
27050
27051
27052
27053
27054
27055
27056
27057
27058
27059
27060
27061
27062
27063
27064
27065
27066
27067
27068
27069
27070
27071
27072
27073
27074
27075
27076
27077
27078
27079
27080
27081
27082
27083
27084
27085
27086
27087
27088
27089
27090
27091
27092
27093
27094
27095
27096
27097
27098
27099
27100
27101
27102
27103
27104
27105
27106
27107
27108
27109
27110
27111
27112
27113
27114
27115
27116
27117
27118
27119
27120
27121
27122
27123
27124
27125
27126
27127
27128
27129
27130
27131
27132
27133
27134
27135
27136
27137
27138
27139
27140
27141
27142
27143
27144
27145
27146
27147

0 runs with L_int < 25nb-1:
23561
23586
23587
23652
23818
23826
23842
23853
23878
23950
23954
23982
23996
24020
24035
24065
24070
24085
24121
24219
24270
24300
24328
24330
24350
24360
24363
24437
24449
24452
24502
24503
24504
24505
24506
24507
24508
24509
24606
24617
24674
24735
24799
24816
24818
24890
24902
24909
24938
24962
24973
25039
25146
25194
25231
25248
25253
25256
25320
25342
25405
25467
25563
25630
25642
25675
25698
25710
25755
25762
25819
25948
25953
26003
26063
26114
26172
26194
26258
26262
26295
26432
26436
26447
26460
26545
26599
26612
26613
26629
26737
26743
26830
26838
26839
26873
26885
26996

0 runs with L_int < 25nb-1:
42298
42344
42393
42413
42517
42617
42789
42868
42890
43196
43264
43444
43676
43777
43784
43826
43850
43882

43908 ! run has Bad PX
